PSC,1196986
